NC_042285.1	141924	152373	3	1.4046
NC_042285.1	405592	421014	12	1.3827
NC_042285.1	680313	689580	9	0.9775
NC_042285.1	845998	850581	3	2.6373
NC_042285.1	1930285	1931616	2	2.0529
NC_042285.1	3125660	3135651	8	1.6168
NC_042285.1	3648664	3651782	4	1.0438
NC_042285.1	5804778	5812027	8	0.9129
NC_042285.1	11417741	11418747	2	4.0141
NC_042285.1	14264566	14272314	8	0.8886
NC_042285.1	17211722	17214945	4	2.4498
NC_042285.1	18094338	18101181	6	1.1487
NC_042285.1	18350430	18362640	13	0.7742
NC_042285.1	22669708	22672086	3	1.3682
NC_042286.1	94429	97664	4	0.8074
NC_042286.1	352856	368663	15	1.4393
NC_042286.1	5278503	5345111	50	0.885
NC_042286.1	12029291	12044445	16	1.111
NC_042286.1	14873053	14879584	5	0.9431
NC_042286.1	15394658	15523450	41	0.8859
NC_042287.1	670362	681536	4	1.8083
NC_042287.1	2451857	2457859	7	1.6746
NC_042287.1	5399809	5411443	7	3.4275
NC_042287.1	11644883	11649100	2	5.2101
NC_042288.1	541075	561968	19	0.7633
NC_042288.1	866203	874542	8	1.0584
NC_042288.1	884465	910787	25	0.863
NC_042288.1	4671693	4673070	2	3.2542
NC_042288.1	5681421	5686465	6	0.8424
NC_042288.1	11151360	11180401	20	0.9247
NC_042288.1	15976620	15993048	5	1.5796
NC_042288.1	16295383	16304094	8	1.2139
NC_042289.1	1783254	1791356	9	1.1875
NC_042289.1	2649383	2693797	19	2.6655
NC_042289.1	3725116	3734007	5	1.3107
NC_042289.1	8696896	8704402	8	0.7485
NC_042289.1	8932311	8936515	5	1.0003
NC_042289.1	9008519	9027980	16	1.2447
NC_042289.1	9029252	9048752	17	4.2202
NC_042289.1	9049780	9052846	4	1.3739
NC_042289.1	9194743	9211390	13	1.2182
NC_042289.1	10640314	10644664	5	1.205
NC_042289.1	11399226	11416246	16	1.1371
NC_042289.1	13173746	13176747	4	1.2215
NC_042289.1	13838857	13878192	13	1.4182
NC_042289.1	14003137	14041472	6	0.8969
NC_042290.1	1013012	1022021	6	0.8649
NC_042290.1	1283773	1288706	4	1.061
NC_042290.1	4384151	4386151	3	1.421
NC_042290.1	9028935	9033492	5	0.8481
NC_042290.1	12772188	12774686	3	1.3122
NC_042291.1	20759	25759	6	1.1805
NC_042291.1	2883673	2887407	4	1.3102
NC_042291.1	3409314	3414367	3	1.5603
NC_042291.1	4749884	4799643	32	0.9827
NC_042291.1	4802333	4807542	3	4.4393
NC_042291.1	4809417	4845170	20	1.7687
NC_042291.1	6902507	6904537	3	1.4392
NC_042291.1	7008335	7009418	2	3.5017
NC_042291.1	9133852	9244335	48	1.6
NC_042291.1	10098668	10101758	4	0.8028
NC_042291.1	10469409	10473833	4	1.3273
NC_042291.1	14260772	14263806	4	1.7852
NC_042291.1	14264809	14269858	6	0.8661
NC_042291.1	14270858	14272859	3	1.6354
NC_042292.1	1603284	1609390	7	0.9014
NC_042292.1	12049362	12068563	6	1.0825
NC_042292.1	12443516	12465809	11	1.1537
NC_042292.1	12838103	12860945	21	1.0494
NC_042292.1	13444969	13460086	7	1.9985
NC_042292.1	13682353	13684385	3	1.6839
NC_042292.1	14179841	14188964	4	1.4402
NC_042292.1	14468857	14492216	7	1.1893
NC_042292.1	14493780	14497151	4	3.1651
NC_042292.1	14498164	14514035	11	1.395
NC_042292.1	14988796	14998535	10	0.9389
NC_042292.1	15525193	15527210	3	1.3287
NC_042292.1	19308638	19312745	5	1.2222
NC_042293.1	1037021	1125805	13	1.1868
NC_042293.1	3472896	3491985	18	1.1093
NC_042293.1	8986075	8988036	2	1.4847
NC_042293.1	10976043	10986797	9	1.1964
NC_042293.1	15437651	15439767	3	2.8939
NC_042294.1	1548249	1550256	3	1.1388
NC_042294.1	2849209	2916117	43	1.1269
NC_042294.1	3109784	3114014	5	3.1134
NC_042294.1	3115016	3123884	8	0.9761
NC_042294.1	5066527	5070993	5	0.8719
NC_042294.1	9232931	9245655	11	0.8492
NC_042294.1	9258298	9265299	8	1.3162
NC_042294.1	11025311	11073659	39	1.5988
NC_042294.1	11099413	11112696	10	1.1
NC_042294.1	12406155	12407155	2	1.5486
NC_042295.1	1878348	1888382	11	1.0395
NC_042295.1	2527978	2534271	7	0.9614
NC_042295.1	2617824	2635720	18	1.0475
NC_042295.1	2636727	2648925	13	1.8035
NC_042295.1	5484487	5493364	9	2.9818
NC_042295.1	6121780	6124055	3	1.1397
NC_042295.1	10083594	10095288	12	0.9063
NC_042295.1	11615505	11618083	3	1.3616
NC_042296.1	13689	16304	3	2.3665
NC_042296.1	792141	816997	18	0.849
NC_042296.1	2178384	2195278	17	1.9974
NC_042296.1	2457655	2469096	10	1.3493
NC_042296.1	2480923	2488654	8	1.6201
NC_042296.1	8506468	8509530	4	1.3623
NC_042296.1	8874724	8885035	6	0.8543
NC_042296.1	11316116	11325877	8	1.4041
NC_042296.1	13510326	13520227	8	0.8561
NC_042297.1	1582178	1617291	29	1.0873
NC_042297.1	6389006	6393365	5	0.8558
NC_042297.1	9502217	9505353	4	1.0262
NC_042297.1	11086261	11126708	18	1.2634
NC_042298.1	127078	128142	2	3.1986
NC_042298.1	2006741	2030462	21	1.6073
NC_042298.1	2031478	2037907	7	4.2001
NC_042298.1	5461062	5463067	3	1.2769
NC_042298.1	7374176	7382771	9	2.3823
NC_042298.1	7411288	7418615	7	2.3943
NC_042298.1	7482423	7488050	5	1.0777
NC_042298.1	11816921	11827519	8	1.5489
NC_042298.1	12057772	12063737	4	1.3361
NC_042298.1	12090697	12165227	17	0.7981
NC_042298.1	14792708	14923386	44	1.4048
NC_042298.1	14933387	14942561	8	0.8787
NC_042299.1	255257	329927	49	3.4326
NC_042299.1	332937	339560	6	1.6306
NC_042299.1	342069	348462	5	0.8352
NC_042299.1	511691	515774	4	1.8751
NC_042299.1	659057	661142	3	1.1969
NC_042299.1	2288797	2290808	3	1.5974
NC_042299.1	3306987	3312055	6	0.7712
NC_042299.1	7669313	7672356	2	1.3907
NC_042299.1	14202875	14203876	2	2.1292
NC_042299.1	16061231	16085344	11	1.2806
NC_042300.1	1354389	1369068	13	1.0363
NC_042300.1	4540969	4543248	2	1.5102
NC_042300.1	8575378	8581541	7	0.8039
NC_042300.1	8971869	8982251	7	2.5065
NC_042300.1	9686653	9710953	22	1.0209
NC_042301.1	181258	289155	47	0.9356
NC_042301.1	2993625	3057790	44	0.9024
NC_042301.1	3068378	3073603	5	0.9019
NC_042301.1	3076168	3088242	9	1.9589
NC_042301.1	3089983	3126135	20	0.8088
NC_042301.1	7795896	7802773	7	1.4617
NC_042301.1	9493427	9540579	20	1.0212
NC_042301.1	10528769	10535778	8	1.2312
NC_042301.1	10545821	10558836	14	1.4505
NC_042301.1	10579869	10591221	12	1.4301
NC_042301.1	10599663	10663856	57	2.1517
NC_042301.1	10677704	10687732	6	0.8966
NC_042301.1	10986604	11005016	11	1.5152
NC_042302.1	1328373	1333777	6	3.8848
NC_042302.1	1437916	1487381	22	0.9111
NC_042302.1	1488384	1525532	34	3.926
NC_042302.1	2497346	2501852	5	1.4179
NC_042303.1	0	23202	23	1.309
NC_042303.1	641183	665693	23	1.7768
NC_042303.1	1051319	1080675	22	4.4299
NC_042303.1	1081707	1130475	30	0.8543
NC_042303.1	1131882	1133691	2	4.4417
NC_042303.1	1841683	1866478	20	1.2415
NC_042303.1	3882859	3883860	2	6.3245
NC_042303.1	5404616	5422649	14	1.4384
NC_042303.1	8751613	8755866	5	1.2792
NC_042303.1	12188509	12373895	70	1.1015
NC_042303.1	14179483	14189896	10	0.7481
NC_042303.1	19149196	19157330	8	2.5977
NC_042304.1	66487	68060	2	1.7986
NC_042304.1	1140590	1144053	3	1.6405
NC_042304.1	1467331	1577090	44	0.9762
NC_042304.1	2558569	2572678	8	1.8879
NC_042304.1	11103050	11113403	11	1.509
NC_042304.1	12350129	12356459	7	0.9267
NC_042304.1	12816489	12824179	8	0.8489
NC_042304.1	12839192	12841473	3	1.9916
NC_042304.1	15581340	15585534	5	0.758
NC_042304.1	16483373	16488431	6	0.9133
NC_042304.1	16860180	16865012	4	1.239
NC_042305.1	2095361	2112321	17	1.0344
NC_042305.1	2208151	2212819	4	1.7273
NC_042305.1	2306864	2538931	35	1.1309
NC_042305.1	19359983	19391286	21	1.9444
NC_042305.1	19411380	19442512	23	0.8063
NC_042305.1	19566874	19584871	16	0.8607
NC_042306.1	6355716	6396441	38	0.9157
NC_042306.1	6475533	6477535	3	1.1747
NC_042306.1	7084187	7087192	4	0.7938
NC_042306.1	8163289	8166466	3	1.3002
NC_042306.1	8266528	8269289	3	2.6302
NC_042306.1	10032123	10052159	13	2.7756
NC_042306.1	11974109	11981429	8	0.904
NW_021821611.1	34491	48406	10	0.8118
NW_021821627.1	0	15895	14	0.8641
NW_021821627.1	30619	36658	6	1.2407
NW_021821632.1	37937	54117	11	2.6225
NW_021821632.1	493012	497397	4	1.9714
NW_021821633.1	373044	416628	26	0.8068
NW_021821633.1	561829	570659	3	1.8739
NW_021821634.1	325934	331539	4	1.3583
NW_021821638.1	221898	232159	9	3.815
NW_021821638.1	272057	282276	10	2.1628
NW_021821638.1	357668	367131	7	2.4613
NW_021821639.1	25991	32776	6	2.3637
NW_021821639.1	175023	180158	5	2.8098
NW_021821652.1	34059	67764	34	0.8113
NW_021821664.1	37250	44832	6	3.3246
NW_021821669.1	10067	30363	16	3.1743
NW_021821669.1	51676	71025	18	5.0238
