NC_042285.1	96555	107223	10	-1.6781
NC_042285.1	366161	372459	7	-1.1328
NC_042285.1	2987006	2999768	13	-1.0045
NC_042285.1	4960559	4962562	3	-0.9824
NC_042285.1	4986328	4992298	6	-0.759
NC_042285.1	7469699	7470699	2	-1.3212
NC_042285.1	13994685	13997044	3	-1.0949
NC_042285.1	17655914	17659248	3	-1.3339
NC_042285.1	17734728	17805015	69	-0.8576
NC_042285.1	18112838	18135397	22	-2.9358
NC_042285.1	24356302	24361333	6	-0.9763
NC_042285.1	24674066	24687378	14	-0.8767
NC_042285.1	26244834	26246875	3	-4.8321
NC_042285.1	26607006	26611465	5	-2.8068
NC_042285.1	26751261	26761403	11	-0.8491
NC_042286.1	1283199	1291214	8	-1.6667
NC_042286.1	1298546	1303275	5	-1.3979
NC_042286.1	11993647	11997935	4	-1.4955
NC_042286.1	12275421	12309278	21	-0.8851
NC_042286.1	12499036	12502789	3	-1.4391
NC_042286.1	14502371	14507556	6	-1.0685
NC_042287.1	2017456	2021525	5	-0.9928
NC_042287.1	2177197	2181648	5	-0.8629
NC_042287.1	3131400	3141593	9	-1.0328
NC_042287.1	5994945	6000083	6	-0.953
NC_042287.1	11591362	11617435	26	-1.1155
NC_042287.1	14098490	14105514	8	-0.928
NC_042287.1	14727368	14730385	4	-1.9808
NC_042287.1	15156941	15161336	5	-0.9704
NC_042288.1	2402400	2413197	6	-0.9794
NC_042288.1	2696985	2702384	6	-0.9911
NC_042288.1	4373614	4376903	4	-1.0217
NC_042288.1	4620076	4632828	12	-0.7965
NC_042288.1	5645076	5646335	2	-4.7492
NC_042288.1	8030008	8038790	9	-0.935
NC_042288.1	11256312	11273787	14	-0.954
NC_042288.1	15951925	15956816	5	-1.6894
NC_042289.1	1514748	1526009	8	-0.8723
NC_042289.1	2599631	2608685	9	-0.9391
NC_042289.1	4049456	4080926	17	-1.4443
NC_042289.1	4091018	4120712	17	-1.2406
NC_042289.1	4122961	4189359	43	-2.0201
NC_042289.1	4190524	4206405	16	-5.2667
NC_042289.1	4207425	4219186	12	-2.2485
NC_042289.1	4220566	4236264	11	-0.8571
NC_042289.1	6062699	6065769	4	-1.2434
NC_042289.1	6138777	6216871	69	-0.8085
NC_042289.1	8966195	8983467	8	-1.9008
NC_042289.1	9213085	9231392	13	-0.7468
NC_042289.1	10645824	10648464	3	-0.746
NC_042290.1	68853	99496	28	-0.7633
NC_042290.1	153527	157617	5	-1.0584
NC_042290.1	2424457	2431489	8	-1.1086
NC_042290.1	4694408	4700238	6	-1.9374
NC_042290.1	9550932	9603870	22	-0.8448
NC_042291.1	26760	39293	12	-0.7598
NC_042291.1	766008	768279	2	-1.73
NC_042291.1	1992650	1995883	4	-0.8438
NC_042291.1	2184290	2187549	4	-1.1492
NC_042291.1	2561384	2563828	3	-1.203
NC_042291.1	4699199	4715264	14	-1.2855
NC_042291.1	4716514	4726488	10	-4.523
NC_042291.1	4727768	4746315	18	-1.2353
NC_042291.1	8168788	8173326	4	-1.2985
NC_042291.1	17461164	17507910	15	-1.1646
NC_042292.1	0	8202	7	-0.7927
NC_042292.1	2372006	2374011	3	-0.917
NC_042292.1	2623874	2629189	6	-1.2819
NC_042292.1	4153763	4155936	3	-1.5099
NC_042292.1	12071572	12082583	10	-1.8172
NC_042292.1	12255314	12422766	79	-0.7422
NC_042292.1	12486733	12500208	8	-0.7998
NC_042292.1	13595021	13597455	3	-4.3638
NC_042292.1	13685512	13712077	11	-0.8175
NC_042292.1	14838909	14849402	11	-1.7631
NC_042292.1	14850405	14868719	19	-0.7659
NC_042292.1	14869724	14881216	12	-2.2217
NC_042292.1	15979804	15988918	8	-1.207
NC_042293.1	167291	189763	19	-1.4914
NC_042293.1	1002121	1012696	9	-1.0395
NC_042293.1	1024714	1035812	9	-0.8895
NC_042293.1	2076640	2079658	4	-0.8833
NC_042293.1	2117987	2128128	9	-0.8112
NC_042293.1	5134203	5135204	2	-1.3321
NC_042293.1	8900411	8901479	2	-1.7785
NC_042293.1	9064258	9069463	4	-0.8396
NC_042293.1	15440769	15473019	10	-1.0042
NC_042294.1	104313	117135	7	-1.4856
NC_042294.1	1190140	1201054	11	-0.8898
NC_042294.1	2529991	2578290	34	-0.857
NC_042294.1	2579662	2586516	7	-5.3465
NC_042294.1	2587611	2602928	11	-1.3554
NC_042294.1	2650899	2673885	14	-1.681
NC_042294.1	2675518	2729873	41	-0.7742
NC_042294.1	2784112	2799288	8	-1.7037
NC_042294.1	2801328	2807583	4	-4.0753
NC_042294.1	2808944	2813059	5	-1.0464
NC_042294.1	3127773	3136906	6	-0.9232
NC_042294.1	5052871	5060729	8	-0.8556
NC_042294.1	5072870	5085022	13	-0.8187
NC_042294.1	8739612	8748484	9	-2.9253
NC_042294.1	8749648	8751971	3	-1.0249
NC_042294.1	10624599	10627334	3	-1.2608
NC_042294.1	10957475	10976042	18	-0.7609
NC_042295.1	1756336	1758593	3	-1.6013
NC_042295.1	2239243	2243263	5	-0.7909
NC_042295.1	2549950	2558179	9	-1.3972
NC_042295.1	2976188	2978359	2	-1.479
NC_042295.1	3514183	3519298	6	-1.4956
NC_042295.1	5190497	5197502	8	-1.2525
NC_042295.1	5443911	5449060	6	-2.3715
NC_042295.1	5511500	5533625	15	-0.7397
NC_042295.1	5710484	5714547	5	-5.7536
NC_042295.1	5806169	5820538	13	-2.0903
NC_042295.1	14846455	14847632	2	-2.0876
NC_042295.1	15757628	15771204	10	-0.917
NC_042296.1	17304	26356	9	-1.0246
NC_042296.1	1052741	1054893	3	-1.3967
NC_042296.1	8922448	8925291	2	-2.3649
NC_042296.1	13328689	13339655	11	-0.7716
NC_042297.1	265778	281968	14	-0.7773
NC_042297.1	458598	478884	12	-0.8351
NC_042297.1	601978	612948	8	-1.1002
NC_042297.1	1010088	1051668	29	-1.0212
NC_042297.1	1664287	1778862	70	-0.7609
NC_042297.1	9621020	9655184	33	-1.9015
NC_042297.1	10577615	10591395	14	-0.9632
NC_042297.1	10926750	10978143	31	-1.0021
NC_042297.1	12288057	12292480	4	-2.0539
NC_042298.1	273751	278881	5	-1.0858
NC_042298.1	840733	846802	6	-2.3432
NC_042298.1	5478057	5484120	7	-0.7485
NC_042298.1	5565986	5574579	9	-0.7677
NC_042298.1	5590892	5592906	3	-1.4447
NC_042298.1	5781158	5790858	8	-1.0804
NC_042298.1	6254115	6264893	11	-0.7848
NC_042298.1	6266553	6271915	6	-6.154
NC_042298.1	6273353	6278478	6	-1.6811
NC_042298.1	6611492	6613734	3	-0.9831
NC_042298.1	7334892	7335892	2	-1.7395
NC_042298.1	7462366	7466382	3	-5.393
NC_042298.1	7474424	7481423	7	-1.9644
NC_042298.1	15141209	15146241	5	-0.933
NC_042299.1	14734	34204	16	-0.9138
NC_042299.1	829879	834675	4	-1.4024
NC_042299.1	1663123	1699833	31	-1.222
NC_042299.1	1789950	1813243	20	-1.1958
NC_042299.1	3630095	3636871	2	-1.5169
NC_042299.1	7406422	7408966	3	-1.0934
NC_042299.1	7746295	7752469	5	-2.1111
NC_042299.1	11041638	11049391	5	-2.6827
NC_042299.1	13185572	13208314	4	-1.0615
NC_042299.1	15091545	15105707	7	-1.2295
NC_042299.1	16201909	16243132	17	-1.4062
NC_042299.1	16530068	16559121	9	-0.846
NC_042300.1	127465	129685	3	-1.4273
NC_042300.1	636228	637288	2	-1.3606
NC_042300.1	1384569	1403986	18	-0.7622
NC_042300.1	1492247	1498403	7	-1.8321
NC_042300.1	2994617	3002934	4	-1.036
NC_042300.1	3883723	3884723	2	-1.795
NC_042300.1	7108522	7113527	6	-0.9086
NC_042300.1	7630026	7635432	5	-1.2396
NC_042300.1	11300340	11324546	19	-0.9924
NC_042300.1	12137581	12146652	10	-0.9599
NC_042300.1	13426514	13427693	2	-1.5508
NC_042301.1	410289	415842	3	-1.3062
NC_042301.1	2984337	2992618	9	-1.2557
NC_042301.1	3817243	3827155	10	-1.125
NC_042301.1	4812945	4815946	4	-1.5829
NC_042301.1	5100410	5112692	13	-0.9704
NC_042301.1	8209681	8216077	5	-1.4745
NC_042301.1	8584864	8588981	5	-3.8475
NC_042301.1	12532323	12547823	16	-1.0503
NC_042302.1	6741273	6744401	4	-1.2947
NC_042303.1	3058159	3063750	6	-1.1172
NC_042303.1	3803989	3806066	3	-0.8607
NC_042303.1	8229291	8248905	10	-0.8825
NC_042303.1	8943955	8978925	29	-0.812
NC_042303.1	12170789	12181344	10	-0.8233
NC_042303.1	18468439	18470082	2	-1.2436
NC_042304.1	33774	46628	10	-2.2179
NC_042304.1	5074408	5084128	7	-1.0202
NC_042304.1	5103640	5109539	5	-1.5164
NC_042304.1	13126177	13129517	4	-1.3106
NC_042304.1	15125950	15135677	10	-0.8267
NC_042304.1	17039370	17057115	13	-0.9261
NC_042305.1	72093	143434	24	-0.9089
NC_042305.1	247624	253584	4	-1.7846
NC_042305.1	488093	494144	6	-1.5435
NC_042305.1	906076	909098	4	-1.3928
NC_042305.1	961407	1040321	64	-0.8234
NC_042305.1	1041327	1055505	15	-1.451
NC_042305.1	14451005	14452170	2	-2.6771
NC_042305.1	19192475	19194399	2	-3.0001
NC_042305.1	19274075	19280554	3	-1.7074
NC_042306.1	1215300	1216356	2	-3.6504
NC_042306.1	10054111	10077780	24	-0.8868
NC_042306.1	15400437	15423422	13	-1.5526
NW_021821571.1	0	27904	9	-1.4032
NW_021821572.1	0	62396	9	-2.4261
NW_021821589.1	0	48882	4	-0.7689
NW_021821592.1	6904	13828	6	-1.5407
NW_021821615.1	0	0	1	-0.9936
NW_021821623.1	15340	22754	7	-1.8595
NW_021821624.1	0	17068	14	-0.7487
NW_021821629.1	0	23705	5	-2.8742
NW_021821630.1	0	25010	10	-0.8964
NW_021821632.1	389627	397827	6	-1.0712
NW_021821632.1	713150	729078	10	-1.1839
NW_021821632.1	1006504	1023356	3	-1.4819
NW_021821633.1	0	11340	8	-1.2382
NW_021821633.1	12372	28991	13	-2.6361
NW_021821633.1	30002	88466	47	-0.8485
NW_021821633.1	89567	100760	10	-3.9797
NW_021821633.1	102421	131912	24	-1.3469
NW_021821634.1	37866	50097	11	-0.7463
NW_021821634.1	615761	619910	5	-2.1603
NW_021821635.1	0	47264	11	-1.2326
NW_021821635.1	295494	319891	8	-1.5727
NW_021821636.1	344518	402464	31	-2.3172
NW_021821642.1	0	106410	74	-0.8536
NW_021821642.1	107412	121144	12	-2.465
NW_021821642.1	122975	204382	45	-1.0419
NW_021821645.1	0	184929	137	-0.7423
NW_021821652.1	9339	18912	7	-0.7748
NW_021821656.1	84021	103582	7	-0.8582
NW_021821658.1	0	63345	14	-2.435
NW_021821663.1	0	76940	9	-0.8838
NW_021821667.1	40350	53618	14	-1.4406
NW_021821671.1	0	50066	4	-2.8228
NW_021821674.1	0	67315	40	-0.7825
